0 0.640625 0.8689903846153846 0.4230769230769231 0.2620192307692308
0 0.46875 0.6478365384615384 0.31009615384615385 0.2764423076923077
0 0.265625 0.8557692307692307 0.15144230769230768 0.28846153846153844
1 0.5709134615384616 0.4110576923076923 0.6129807692307693 0.4495192307692308
1 0.4651442307692308 0.4651442307692308 0.6875 0.20192307692307693
1 0.9314903846153846 0.49399038461538464 0.13701923076923078 0.2956730769230769
1 0.9266826923076923 0.18870192307692307 0.1466346153846154 0.1466346153846154
1 0.06370192307692307 0.44591346153846156 0.12740384615384615 0.37740384615384615
1 0.08653846153846154 0.32211538461538464 0.17307692307692307 0.2091346153846154
1 0.04567307692307692 0.8930288461538461 0.09134615384615384 0.21394230769230768
1 0.6442307692307693 0.2848557692307692 0.38221153846153844 0.21634615384615385