1 0.4230769230769231 0.48677884615384615 0.2692307692307692 0.3004807692307692
1 0.5300480769230769 0.46634615384615385 0.125 0.49038461538461536
0 0.22235576923076922 0.20072115384615385 0.42788461538461536 0.10576923076923077
0 0.25961538461538464 0.3161057692307692 0.5144230769230769 0.15144230769230768
0 0.2920673076923077 0.46033653846153844 0.28846153846153844 0.1875
0 0.21514423076923078 0.46634615384615385 0.42788461538461536 0.18509615384615385
0 0.23677884615384615 0.6009615384615384 0.41586538461538464 0.19230769230769232
1 0.2536057692307692 0.9050480769230769 0.5072115384615384 0.1875
1 0.6899038461538461 0.8713942307692307 0.5264423076923077 0.25721153846153844
1 0.7836538461538461 0.4326923076923077 0.09615384615384616 0.375
1 0.7572115384615384 0.7475961538461539 0.22355769230769232 0.2283653846153846