1 0.39783653846153844 0.47115384615384615 0.20673076923076922 0.27403846153846156
1 0.6165865384615384 0.4807692307692308 0.34615384615384615 0.1658653846153846
1 0.5600961538461539 0.296875 0.8173076923076923 0.2548076923076923
1 0.9326923076923077 0.4254807692307692 0.1346153846153846 0.27884615384615385
1 0.5997596153846154 0.06490384615384616 0.4567307692307692 0.12980769230769232
0 0.6141826923076923 0.8052884615384616 0.3173076923076923 0.12740384615384615
0 0.5600961538461539 0.5841346153846154 0.15384615384615385 0.40384615384615385
0 0.6586538461538461 0.6490384615384616 0.10096153846153846 0.3076923076923077
0 0.7728365384615384 0.6766826923076923 0.14423076923076922 0.3942307692307692
0 0.7355769230769231 0.40865384615384615 0.2692307692307692 0.14423076923076922
0 0.265625 0.9110576923076923 0.22355769230769232 0.1778846153846154
0 0.1346153846153846 0.20192307692307693 0.2692307692307692 0.2692307692307692