1 0.5564903846153846 0.21153846153846154 0.33413461538461536 0.4230769230769231
1 0.3545673076923077 0.5805288461538461 0.39663461538461536 0.5072115384615384
0 0.3449519230769231 0.39302884615384615 0.38461538461538464 0.08173076923076923
1 0.9278846153846154 0.47596153846153844 0.14423076923076922 0.49038461538461536
1 0.7920673076923077 0.6502403846153846 0.24278846153846154 0.43028846153846156
1 0.5709134615384616 0.8221153846153846 0.39663461538461536 0.3557692307692308
1 0.23677884615384615 0.7908653846153846 0.3605769230769231 0.28846153846153844
1 0.08413461538461539 0.7463942307692307 0.16826923076923078 0.22355769230769232
0 0.30288461538461536 0.09495192307692307 0.11538461538461539 0.18990384615384615
0 0.19951923076923078 0.0829326923076923 0.11538461538461539 0.16346153846153846
1 0.6346153846153846 0.5168269230769231 0.0673076923076923 0.24278846153846154