1 0.9158653846153846 0.8930288461538461 0.16826923076923078 0.21153846153846154
1 0.5564903846153846 0.3762019230769231 0.2283653846153846 0.5
1 0.38100961538461536 0.22716346153846154 0.27884615384615385 0.15384615384615385
0 0.4338942307692308 0.4567307692307692 0.32211538461538464 0.25721153846153844
0 0.23677884615384615 0.6838942307692307 0.09615384615384616 0.375
0 0.18990384615384615 0.3293269230769231 0.3798076923076923 0.1201923076923077
1 0.21995192307692307 0.8846153846153846 0.43990384615384615 0.18509615384615385
1 0.78125 0.28846153846153844 0.3942307692307692 0.5769230769230769
1 0.7391826923076923 0.25 0.2932692307692308 0.3629807692307692
1 0.7584134615384616 0.5252403846153846 0.11538461538461539 0.40625
1 0.7524038461538461 0.7331730769230769 0.18269230769230768 0.32211538461538464
1 0.7331730769230769 0.13221153846153846 0.30288461538461536 0.2644230769230769