1 0.4362980769230769 0.30408653846153844 0.6009615384615384 0.25961538461538464
1 0.18389423076923078 0.20072115384615385 0.36778846153846156 0.4014423076923077
1 0.5913461538461539 0.12259615384615384 0.4543269230769231 0.1971153846153846
1 0.8209134615384616 0.08533653846153846 0.3581730769230769 0.17067307692307693
1 0.47716346153846156 0.9026442307692307 0.6418269230769231 0.19471153846153846
1 0.6153846153846154 0.7163461538461539 0.27163461538461536 0.17307692307692307
0 0.3737980769230769 0.6899038461538461 0.40384615384615385 0.12980769230769232
0 0.5865384615384616 0.5841346153846154 0.3894230769230769 0.1778846153846154
0 0.5024038461538461 0.5252403846153846 0.14423076923076922 0.3269230769230769
1 0.08173076923076923 0.5144230769230769 0.1201923076923077 0.3701923076923077
1 0.10096153846153846 0.8533653846153846 0.20192307692307693 0.2932692307692308