1 0.7680288461538461 0.34975961538461536 0.2403846153846154 0.6995192307692307
1 0.5889423076923077 0.22115384615384615 0.34615384615384615 0.4423076923076923
0 0.30649038461538464 0.38100961538461536 0.18269230769230768 0.5336538461538461
0 0.5012019230769231 0.5685096153846154 0.23076923076923078 0.4014423076923077
0 0.2776442307692308 0.5829326923076923 0.38461538461538464 0.16346153846153846
0 0.49759615384615385 0.38822115384615385 0.3125 0.125
0 0.37259615384615385 0.8846153846153846 0.34615384615384615 0.23076923076923078
1 0.07932692307692307 0.8185096153846154 0.15865384615384615 0.3629807692307692
1 0.4206730769230769 0.6730769230769231 0.43509615384615385 0.1875
1 0.7536057692307693 0.8125 0.3269230769230769 0.375
1 0.23557692307692307 0.47475961538461536 0.21634615384615385 0.3629807692307692