0 0.484375 0.6983173076923077 0.16346153846153846 0.5096153846153846
0 0.20432692307692307 0.5600961538461539 0.3317307692307692 0.15144230769230768
0 0.328125 0.6346153846153846 0.27884615384615385 0.14903846153846154
0 0.3137019230769231 0.7391826923076923 0.2403846153846154 0.11538461538461539
1 0.9098557692307693 0.6478365384615384 0.13942307692307693 0.40865384615384615
1 0.34615384615384615 0.3329326923076923 0.33413461538461536 0.13942307692307693
1 0.49158653846153844 0.14302884615384615 0.38461538461538464 0.15865384615384615
1 0.11899038461538461 0.3473557692307692 0.23557692307692307 0.5408653846153846
1 0.8798076923076923 0.20432692307692307 0.2403846153846154 0.40865384615384615
1 0.6370192307692307 0.5985576923076923 0.21153846153846154 0.44471153846153844
1 0.5360576923076923 0.7451923076923077 0.3317307692307692 0.22115384615384615