1 0.859375 0.18028846153846154 0.28125 0.3605769230769231
1 0.5336538461538461 0.3786057692307692 0.7211538461538461 0.6778846153846154
1 0.09495192307692307 0.046875 0.1875 0.09375
1 0.28725961538461536 0.4483173076923077 0.46875 0.28846153846153844
0 0.3629807692307692 0.5168269230769231 0.15384615384615385 0.40384615384615385
0 0.3798076923076923 0.7716346153846154 0.3894230769230769 0.34134615384615385
0 0.16706730769230768 0.8365384615384616 0.22596153846153846 0.3269230769230769
1 0.03365384615384615 0.6129807692307693 0.0673076923076923 0.3317307692307692
1 0.14302884615384615 0.33774038461538464 0.2860576923076923 0.20673076923076922
1 0.11057692307692307 0.19951923076923078 0.22115384615384615 0.22596153846153846
1 0.8233173076923077 0.8401442307692307 0.23798076923076922 0.31971153846153844