1 0.5745192307692307 0.2247596153846154 0.4326923076923077 0.4495192307692308
1 0.5108173076923077 0.7007211538461539 0.10096153846153846 0.4230769230769231
1 0.3485576923076923 0.17548076923076922 0.2980769230769231 0.20192307692307693
1 0.0673076923076923 0.3112980769230769 0.1346153846153846 0.22355769230769232
1 0.6754807692307693 0.7367788461538461 0.38461538461538464 0.4375
0 0.2860576923076923 0.5829326923076923 0.2692307692307692 0.21153846153846154
1 0.22716346153846154 0.7019230769230769 0.4543269230769231 0.5961538461538461
0 0.4254807692307692 0.6346153846153846 0.13942307692307693 0.25
1 0.9146634615384616 0.8197115384615384 0.17067307692307693 0.3605769230769231
1 0.8846153846153846 0.4951923076923077 0.15865384615384615 0.39663461538461536
1 0.14302884615384615 0.9038461538461539 0.12980769230769232 0.19230769230769232