1 0.48677884615384615 0.5769230769230769 0.3004807692307692 0.2692307692307692
1 0.46634615384615385 0.4699519230769231 0.49038461538461536 0.125
0 0.20072115384615385 0.7776442307692307 0.10576923076923077 0.42788461538461536
0 0.3161057692307692 0.7403846153846154 0.15144230769230768 0.5144230769230769
0 0.46033653846153844 0.7079326923076923 0.1875 0.28846153846153844
0 0.46634615384615385 0.7848557692307693 0.18509615384615385 0.42788461538461536
0 0.6009615384615384 0.7632211538461539 0.19230769230769232 0.41586538461538464
1 0.9050480769230769 0.7463942307692307 0.1875 0.5072115384615384
1 0.8713942307692307 0.31009615384615385 0.2548076923076923 0.5264423076923077
1 0.4326923076923077 0.21634615384615385 0.375 0.09615384615384616
1 0.7475961538461539 0.24278846153846154 0.2283653846153846 0.22355769230769232