0 0.1310096153846154 0.640625 0.2620192307692308 0.4230769230769231
0 0.35216346153846156 0.46875 0.2764423076923077 0.31009615384615385
0 0.14423076923076922 0.265625 0.28846153846153844 0.15144230769230768
1 0.5889423076923077 0.5709134615384616 0.4495192307692308 0.6129807692307693
1 0.5348557692307693 0.4651442307692308 0.20192307692307693 0.6875
1 0.5060096153846154 0.9314903846153846 0.2956730769230769 0.13701923076923078
1 0.8112980769230769 0.9266826923076923 0.1466346153846154 0.1466346153846154
1 0.5540865384615384 0.06370192307692307 0.37740384615384615 0.12740384615384615
1 0.6778846153846154 0.08653846153846154 0.2091346153846154 0.17307692307692307
1 0.10697115384615384 0.04567307692307692 0.21394230769230768 0.09134615384615384
1 0.7151442307692307 0.6442307692307693 0.21634615384615385 0.38221153846153844