0 0.31490384615384615 0.2247596153846154 0.18509615384615385 0.39903846153846156
0 0.5456730769230769 0.5408653846153846 0.2548076923076923 0.19230769230769232
0 0.4182692307692308 0.6574519230769231 0.38221153846153844 0.1466346153846154
0 0.19951923076923078 0.7560096153846154 0.18269230769230768 0.4879807692307692
0 0.3269230769230769 0.8545673076923077 0.09134615384615384 0.29086538461538464
1 0.1045673076923077 0.4951923076923077 0.2091346153846154 0.3701923076923077
1 0.7524038461538461 0.1778846153846154 0.4951923076923077 0.3557692307692308
1 0.8545673076923077 0.6911057692307693 0.1466346153846154 0.4831730769230769
1 0.6947115384615384 0.7079326923076923 0.22115384615384615 0.5841346153846154
1 0.35697115384615385 0.5192307692307693 0.19951923076923078 0.1778846153846154
1 0.5084134615384616 0.8185096153846154 0.2620192307692308 0.3629807692307692