1 0.7512019230769231 0.20673076923076922 0.4110576923076923 0.41346153846153844
1 0.6009615384615384 0.7956730769230769 0.6105769230769231 0.40865384615384615
1 0.8701923076923077 0.8605769230769231 0.25961538461538464 0.27884615384615385
1 0.2776442307692308 0.41586538461538464 0.17307692307692307 0.32211538461538464
1 0.4362980769230769 0.3605769230769231 0.27403846153846156 0.07211538461538461
0 0.5685096153846154 0.4266826923076923 0.40865384615384615 0.23076923076923078
0 0.5084134615384616 0.5973557692307693 0.32211538461538464 0.31009615384615385
1 0.6394230769230769 0.7055288461538461 0.5048076923076923 0.30288461538461536
0 0.43149038461538464 0.22355769230769232 0.27403846153846156 0.2932692307692308
1 0.1971153846153846 0.1466346153846154 0.3942307692307692 0.2932692307692308
1 0.07091346153846154 0.46153846153846156 0.14182692307692307 0.4423076923076923