1 0.78125 0.056490384615384616 0.4375 0.11057692307692307
1 0.21634615384615385 0.6514423076923077 0.1346153846153846 0.5048076923076923
1 0.31850961538461536 0.33413461538461536 0.6346153846153846 0.4855769230769231
1 0.7524038461538461 0.2536057692307692 0.4951923076923077 0.16826923076923078
1 0.8846153846153846 0.43509615384615385 0.23076923076923078 0.22115384615384615
1 0.6490384615384616 0.7307692307692307 0.30288461538461536 0.14423076923076922
0 0.6057692307692307 0.671875 0.3269230769230769 0.3269230769230769
0 0.7644230769230769 0.6370192307692307 0.22596153846153846 0.20432692307692307
0 0.7139423076923077 0.8605769230769231 0.23798076923076922 0.1971153846153846
1 0.31850961538461536 0.051682692307692304 0.2860576923076923 0.10336538461538461
1 0.09975961538461539 0.1346153846153846 0.19951923076923078 0.2692307692307692