1 0.44350961538461536 0.7884615384615384 0.33413461538461536 0.4230769230769231
1 0.6454326923076923 0.41947115384615385 0.39663461538461536 0.5072115384615384
0 0.6550480769230769 0.6069711538461539 0.38461538461538464 0.08173076923076923
1 0.07211538461538461 0.5240384615384616 0.14423076923076922 0.49038461538461536
1 0.20793269230769232 0.34975961538461536 0.24278846153846154 0.43028846153846156
1 0.42908653846153844 0.1778846153846154 0.39663461538461536 0.3557692307692308
1 0.7632211538461539 0.2091346153846154 0.3605769230769231 0.28846153846153844
1 0.9158653846153846 0.2536057692307692 0.16826923076923078 0.22355769230769232
0 0.6971153846153846 0.9050480769230769 0.11538461538461539 0.18990384615384615
0 0.8004807692307693 0.9170673076923077 0.11538461538461539 0.1658653846153846
1 0.36538461538461536 0.4831730769230769 0.0673076923076923 0.24278846153846154