1 0.23076923076923078 0.8389423076923077 0.46153846153846156 0.32211538461538464
1 0.5456730769230769 0.8713942307692307 0.34615384615384615 0.2283653846153846
1 0.4375 0.4987980769230769 0.3605769230769231 0.3605769230769231
1 0.20432692307692307 0.6165865384615384 0.40865384615384615 0.3076923076923077
1 0.19110576923076922 0.38341346153846156 0.17548076923076922 0.3485576923076923
1 0.5865384615384616 0.6682692307692307 0.3870192307692308 0.29086538461538464
1 0.6814903846153846 0.5480769230769231 0.1875 0.21875
0 0.5889423076923077 0.2608173076923077 0.4014423076923077 0.15384615384615385
0 0.4098557692307692 0.3233173076923077 0.30288461538461536 0.23076923076923078
0 0.34615384615384615 0.49038461538461536 0.28365384615384615 0.21153846153846154
1 0.28125 0.8365384615384616 0.09375 0.13942307692307693