1 0.3473557692307692 0.14903846153846154 0.33413461538461536 0.2980769230769231
1 0.14182692307692307 0.16706730769230768 0.23076923076923078 0.17307692307692307
1 0.6802884615384616 0.234375 0.5456730769230769 0.23076923076923078
1 0.5588942307692307 0.3762019230769231 0.3605769230769231 0.13221153846153846
1 0.6875 0.5492788461538461 0.625 0.17067307692307693
1 0.3798076923076923 0.7295673076923077 0.23557692307692307 0.23076923076923078
0 0.8377403846153846 0.7007211538461539 0.3245192307692308 0.2764423076923077
0 0.6923076923076923 0.7007211538461539 0.28365384615384615 0.2764423076923077
0 0.5817307692307693 0.6899038461538461 0.4375 0.27403846153846156
0 0.34134615384615385 0.4735576923076923 0.23557692307692307 0.18028846153846154
1 0.1141826923076923 0.6935096153846154 0.1778846153846154 0.40865384615384615
1 0.16105769230769232 0.8786057692307693 0.22596153846153846 0.24278846153846154
0 0.6875 0.46153846153846156 0.32211538461538464 0.1346153846153846