1 0.7728365384615384 0.6634615384615384 0.27403846153846156 0.6730769230769231
1 0.5036057692307693 0.8870192307692307 0.30528846153846156 0.14903846153846154
0 0.45072115384615385 0.6502403846153846 0.31009615384615385 0.33653846153846156
0 0.5901442307692307 0.6045673076923077 0.2980769230769231 0.20192307692307693
0 0.7956730769230769 0.7524038461538461 0.40865384615384615 0.21875
0 0.7608173076923077 0.6346153846153846 0.3317307692307692 0.2548076923076923
1 0.5384615384615384 0.21033653846153846 0.5913461538461539 0.15384615384615385
1 0.2548076923076923 0.5637019230769231 0.34615384615384615 0.43990384615384615
1 0.2644230769230769 0.9002403846153846 0.24519230769230768 0.19951923076923078
1 0.06850961538461539 0.09014423076923077 0.13701923076923078 0.18028846153846154
1 0.5432692307692307 0.05889423076923077 0.5360576923076923 0.11778846153846154