1 0.6742788461538461 0.8040865384615384 0.41346153846153844 0.3918269230769231
1 0.8894230769230769 0.8870192307692307 0.22115384615384615 0.22596153846153846
1 0.1935096153846154 0.8185096153846154 0.34134615384615385 0.3629807692307692
1 0.2536057692307692 0.5420673076923077 0.16826923076923078 0.3942307692307692
1 0.5060096153846154 0.17908653846153846 0.41586538461538464 0.14182692307692307
1 0.6694711538461539 0.3076923076923077 0.3918269230769231 0.11538461538461539
0 0.4567307692307692 0.5144230769230769 0.4110576923076923 0.14903846153846154
1 0.4795673076923077 0.7271634615384616 0.4831730769230769 0.12980769230769232
0 0.4543269230769231 0.6201923076923077 0.3317307692307692 0.0985576923076923
0 0.6574519230769231 0.6286057692307693 0.10096153846153846 0.22596153846153846
1 0.17548076923076922 0.15985576923076922 0.35096153846153844 0.31971153846153844