1 0.18028846153846154 0.140625 0.3605769230769231 0.28125
1 0.3786057692307692 0.46634615384615385 0.6778846153846154 0.7211538461538461
1 0.046875 0.9050480769230769 0.09375 0.1875
1 0.4483173076923077 0.7127403846153846 0.28846153846153844 0.46875
0 0.5168269230769231 0.6370192307692307 0.40384615384615385 0.15384615384615385
0 0.7716346153846154 0.6201923076923077 0.34134615384615385 0.3894230769230769
0 0.8365384615384616 0.8329326923076923 0.3269230769230769 0.22596153846153846
1 0.6129807692307693 0.9663461538461539 0.3317307692307692 0.0673076923076923
1 0.33774038461538464 0.8569711538461539 0.20673076923076922 0.2860576923076923
1 0.19951923076923078 0.8894230769230769 0.22596153846153846 0.22115384615384615
1 0.8401442307692307 0.17668269230769232 0.31971153846153844 0.23798076923076922