1 0.8509615384615384 0.3473557692307692 0.2980769230769231 0.33413461538461536
1 0.8329326923076923 0.14182692307692307 0.17307692307692307 0.23076923076923078
1 0.765625 0.6802884615384616 0.23076923076923078 0.5456730769230769
1 0.6237980769230769 0.5588942307692307 0.13221153846153846 0.3605769230769231
1 0.45072115384615385 0.6875 0.17067307692307693 0.625
1 0.2704326923076923 0.3798076923076923 0.23076923076923078 0.23557692307692307
0 0.29927884615384615 0.8377403846153846 0.2764423076923077 0.3245192307692308
0 0.29927884615384615 0.6923076923076923 0.2764423076923077 0.28365384615384615
0 0.31009615384615385 0.5817307692307693 0.27403846153846156 0.4375
0 0.5264423076923077 0.34134615384615385 0.18028846153846154 0.23557692307692307
1 0.30649038461538464 0.1141826923076923 0.40865384615384615 0.1778846153846154
1 0.12139423076923077 0.16105769230769232 0.24278846153846154 0.22596153846153846
0 0.5384615384615384 0.6875 0.1346153846153846 0.32211538461538464