1 0.7692307692307693 0.16105769230769232 0.46153846153846156 0.32211538461538464
1 0.4543269230769231 0.12860576923076922 0.34615384615384615 0.2283653846153846
1 0.5625 0.5012019230769231 0.3605769230769231 0.3605769230769231
1 0.7956730769230769 0.38341346153846156 0.40865384615384615 0.3076923076923077
1 0.8088942307692307 0.6165865384615384 0.17548076923076922 0.3485576923076923
1 0.41346153846153844 0.3317307692307692 0.3870192307692308 0.28846153846153844
1 0.31850961538461536 0.4519230769230769 0.1875 0.21875
0 0.4110576923076923 0.7391826923076923 0.4014423076923077 0.15625
0 0.5901442307692307 0.6766826923076923 0.30288461538461536 0.23076923076923078
0 0.6538461538461539 0.5096153846153846 0.28365384615384615 0.21153846153846154
1 0.71875 0.16346153846153846 0.09375 0.13942307692307693