1 0.5288461538461539 0.39783653846153844 0.27403846153846156 0.20673076923076922
1 0.5192307692307693 0.6165865384615384 0.1658653846153846 0.34615384615384615
1 0.703125 0.5600961538461539 0.2548076923076923 0.8173076923076923
1 0.5745192307692307 0.9326923076923077 0.27884615384615385 0.1346153846153846
1 0.9350961538461539 0.5997596153846154 0.12980769230769232 0.4567307692307692
0 0.19471153846153846 0.6141826923076923 0.12740384615384615 0.3173076923076923
0 0.41586538461538464 0.5600961538461539 0.40384615384615385 0.15384615384615385
0 0.35096153846153844 0.6586538461538461 0.3076923076923077 0.10096153846153846
0 0.3233173076923077 0.7728365384615384 0.3942307692307692 0.14423076923076922
0 0.5913461538461539 0.7355769230769231 0.14423076923076922 0.2692307692307692
0 0.0889423076923077 0.265625 0.1778846153846154 0.22355769230769232
0 0.7980769230769231 0.1346153846153846 0.2692307692307692 0.2692307692307692