1 0.5637019230769231 0.6850961538461539 0.5649038461538461 0.1778846153846154
1 0.22596153846153846 0.7848557692307693 0.4519230769230769 0.24519230769230768
1 0.5132211538461539 0.9471153846153846 0.7019230769230769 0.10576923076923077
1 0.875 0.7512019230769231 0.25 0.28846153846153844
1 0.5240384615384616 0.20552884615384615 0.5096153846153846 0.14903846153846154
0 0.7487980769230769 0.2512019230769231 0.3701923076923077 0.3076923076923077
0 0.4567307692307692 0.34615384615384615 0.11538461538461539 0.2644230769230769
0 0.3918269230769231 0.41466346153846156 0.32211538461538464 0.31490384615384615
1 0.3233173076923077 0.4651442307692308 0.3389423076923077 0.28846153846153844
1 0.109375 0.37740384615384615 0.10336538461538461 0.38461538461538464
1 0.12259615384615384 0.109375 0.24519230769230768 0.21634615384615385
1 0.9122596153846154 0.26802884615384615 0.17548076923076922 0.38221153846153844