1 0.7752403846153846 0.5745192307692307 0.4495192307692308 0.4326923076923077
1 0.29927884615384615 0.5108173076923077 0.4230769230769231 0.10096153846153846
1 0.8245192307692307 0.3485576923076923 0.20192307692307693 0.2980769230769231
1 0.6887019230769231 0.0673076923076923 0.22355769230769232 0.1346153846153846
1 0.26322115384615385 0.6754807692307693 0.4375 0.38461538461538464
0 0.4170673076923077 0.2860576923076923 0.21153846153846154 0.2692307692307692
1 0.2980769230769231 0.22716346153846154 0.5961538461538461 0.4543269230769231
0 0.36538461538461536 0.4254807692307692 0.25 0.13942307692307693
1 0.18028846153846154 0.9146634615384616 0.3605769230769231 0.17067307692307693
1 0.5048076923076923 0.8846153846153846 0.39663461538461536 0.15865384615384615
1 0.09615384615384616 0.14302884615384615 0.19230769230769232 0.12980769230769232