1 0.23317307692307693 0.14423076923076922 0.46634615384615385 0.28846153846153844
1 0.8641826923076923 0.35096153846153844 0.2692307692307692 0.41586538461538464
1 0.9603365384615384 0.8329326923076923 0.07692307692307693 0.3317307692307692
1 0.5841346153846154 0.6959134615384616 0.15144230769230768 0.31009615384615385
1 0.203125 0.328125 0.40625 0.2283653846153846
1 0.375 0.39302884615384615 0.44711538461538464 0.28846153846153844
1 0.31009615384615385 0.7115384615384616 0.18509615384615385 0.40865384615384615
1 0.28966346153846156 0.5528846153846154 0.30528846153846156 0.14903846153846154
0 0.4675480769230769 0.5132211538461539 0.14903846153846154 0.35096153846153844
0 0.4375 0.8209134615384616 0.18269230769230768 0.3581730769230769
1 0.0625 0.8473557692307693 0.125 0.25240384615384615