1 0.37740384615384615 0.6478365384615384 0.2403846153846154 0.3870192307692308
1 0.4699519230769231 0.5649038461538461 0.4182692307692308 0.17548076923076922
1 0.6514423076923077 0.46274038461538464 0.21153846153846154 0.22115384615384615
0 0.4723557692307692 0.5084134615384616 0.40384615384615385 0.11538461538461539
0 0.8185096153846154 0.5516826923076923 0.1971153846153846 0.1201923076923077
1 0.875 0.33413461538461536 0.25 0.34615384615384615
1 0.5709134615384616 0.2403846153846154 0.4879807692307692 0.16346153846153846
1 0.12980769230769232 0.7596153846153846 0.2548076923076923 0.4807692307692308
1 0.08173076923076923 0.33653846153846156 0.16346153846153846 0.6730769230769231
1 0.10336538461538461 0.22956730769230768 0.0673076923076923 0.4326923076923077
1 0.45072115384615385 0.07572115384615384 0.44471153846153844 0.15144230769230768