0 0.7752403846153846 0.31490384615384615 0.39903846153846156 0.18509615384615385
0 0.45913461538461536 0.5456730769230769 0.19230769230769232 0.2548076923076923
0 0.3425480769230769 0.4182692307692308 0.1466346153846154 0.38221153846153844
0 0.2439903846153846 0.19951923076923078 0.4879807692307692 0.18269230769230768
0 0.14543269230769232 0.3269230769230769 0.29086538461538464 0.09134615384615384
1 0.5048076923076923 0.1045673076923077 0.3701923076923077 0.2091346153846154
1 0.8221153846153846 0.7524038461538461 0.3557692307692308 0.4951923076923077
1 0.3088942307692308 0.8545673076923077 0.4831730769230769 0.1466346153846154
1 0.2920673076923077 0.6947115384615384 0.5841346153846154 0.22115384615384615
1 0.4807692307692308 0.35697115384615385 0.1778846153846154 0.19951923076923078
1 0.1814903846153846 0.5084134615384616 0.3629807692307692 0.2620192307692308