1 0.6959134615384616 0.4362980769230769 0.25961538461538464 0.6009615384615384
1 0.7992788461538461 0.18389423076923078 0.4014423076923077 0.36778846153846156
1 0.8774038461538461 0.5913461538461539 0.1971153846153846 0.4543269230769231
1 0.9146634615384616 0.8209134615384616 0.17067307692307693 0.3581730769230769
1 0.09735576923076923 0.47716346153846156 0.19471153846153846 0.6418269230769231
1 0.28365384615384615 0.6153846153846154 0.17307692307692307 0.27163461538461536
0 0.31009615384615385 0.3737980769230769 0.12980769230769232 0.40384615384615385
0 0.41586538461538464 0.5865384615384616 0.1778846153846154 0.3894230769230769
0 0.47475961538461536 0.5024038461538461 0.3269230769230769 0.14423076923076922
1 0.4855769230769231 0.08173076923076923 0.3701923076923077 0.1201923076923077
1 0.1466346153846154 0.10096153846153846 0.2932692307692308 0.20192307692307693