0 0.3016826923076923 0.484375 0.5096153846153846 0.16346153846153846
0 0.43990384615384615 0.20432692307692307 0.15144230769230768 0.3317307692307692
0 0.36538461538461536 0.328125 0.14903846153846154 0.27884615384615385
0 0.2608173076923077 0.3137019230769231 0.11538461538461539 0.2403846153846154
1 0.35216346153846156 0.9098557692307693 0.40865384615384615 0.14182692307692307
1 0.6670673076923077 0.34615384615384615 0.13942307692307693 0.33413461538461536
1 0.8569711538461539 0.49158653846153844 0.15865384615384615 0.38461538461538464
1 0.6526442307692307 0.11899038461538461 0.5408653846153846 0.23557692307692307
1 0.7956730769230769 0.8798076923076923 0.40865384615384615 0.2403846153846154
1 0.4014423076923077 0.6370192307692307 0.44471153846153844 0.21153846153846154
1 0.2548076923076923 0.5360576923076923 0.22115384615384615 0.3317307692307692