1 0.6225961538461539 0.35216346153846156 0.2403846153846154 0.3870192307692308
1 0.5300480769230769 0.43509615384615385 0.4182692307692308 0.17548076923076922
1 0.3485576923076923 0.5372596153846154 0.21153846153846154 0.22115384615384615
0 0.5276442307692307 0.49158653846153844 0.40384615384615385 0.11538461538461539
0 0.1814903846153846 0.4483173076923077 0.1971153846153846 0.1201923076923077
1 0.125 0.6658653846153846 0.25 0.34615384615384615
1 0.42908653846153844 0.7596153846153846 0.4879807692307692 0.1658653846153846
1 0.8701923076923077 0.2403846153846154 0.2548076923076923 0.4807692307692308
1 0.9182692307692307 0.6634615384615384 0.16346153846153846 0.6730769230769231
1 0.8966346153846154 0.7704326923076923 0.0673076923076923 0.4326923076923077
1 0.5492788461538461 0.9242788461538461 0.44471153846153844 0.15144230769230768