1 0.22716346153846154 0.33653846153846156 0.27403846153846156 0.6730769230769231
1 0.4963942307692308 0.11298076923076923 0.30528846153846156 0.14903846153846154
0 0.5492788461538461 0.34975961538461536 0.31009615384615385 0.33653846153846156
0 0.4098557692307692 0.3954326923076923 0.2980769230769231 0.20192307692307693
0 0.20432692307692307 0.24759615384615385 0.40865384615384615 0.21875
0 0.23918269230769232 0.36538461538461536 0.3317307692307692 0.2548076923076923
1 0.46153846153846156 0.7896634615384616 0.5913461538461539 0.15384615384615385
1 0.7451923076923077 0.4362980769230769 0.34615384615384615 0.43990384615384615
1 0.7355769230769231 0.09975961538461539 0.24519230769230768 0.19951923076923078
1 0.9314903846153846 0.9098557692307693 0.13701923076923078 0.18028846153846154
1 0.4567307692307692 0.9411057692307693 0.5360576923076923 0.11778846153846154