1 0.32572115384615385 0.19591346153846154 0.41346153846153844 0.3918269230769231
1 0.11057692307692307 0.11298076923076923 0.22115384615384615 0.22596153846153846
1 0.8064903846153846 0.1814903846153846 0.34134615384615385 0.3629807692307692
1 0.7463942307692307 0.4579326923076923 0.16826923076923078 0.3942307692307692
1 0.49399038461538464 0.8209134615384616 0.41586538461538464 0.14182692307692307
1 0.33052884615384615 0.6923076923076923 0.3918269230769231 0.11538461538461539
0 0.5432692307692307 0.4855769230769231 0.4110576923076923 0.14903846153846154
1 0.5204326923076923 0.27283653846153844 0.4831730769230769 0.12980769230769232
0 0.5456730769230769 0.3798076923076923 0.3317307692307692 0.0985576923076923
0 0.3425480769230769 0.3713942307692308 0.10096153846153846 0.22596153846153846
1 0.8245192307692307 0.8401442307692307 0.35096153846153844 0.31971153846153844