1 0.14423076923076922 0.7668269230769231 0.28846153846153844 0.46634615384615385
1 0.35096153846153844 0.13581730769230768 0.41586538461538464 0.2692307692307692
1 0.8329326923076923 0.039663461538461536 0.3317307692307692 0.07692307692307693
1 0.6959134615384616 0.41586538461538464 0.31009615384615385 0.15144230769230768
1 0.328125 0.796875 0.2283653846153846 0.40625
1 0.39302884615384615 0.625 0.28846153846153844 0.44711538461538464
1 0.7115384615384616 0.6899038461538461 0.40865384615384615 0.18509615384615385
1 0.5528846153846154 0.7103365384615384 0.14903846153846154 0.30528846153846156
0 0.5132211538461539 0.5324519230769231 0.35096153846153844 0.14903846153846154
0 0.8209134615384616 0.5625 0.3581730769230769 0.18269230769230768
1 0.8473557692307693 0.9375 0.25240384615384615 0.125